label                      n unity fps   cam fps    camera    colour      pose      wait    render     total   tot p95 tot worst       est
base-c30-u30-4K           25      30.0      30.0      31.2       3.9       0.0      28.9       1.8      65.8      66.2      66.6      77.2
c30-u60-4K                24      60.0      30.0      31.3       3.8       0.0      13.7       1.5      50.3      51.4      51.6      62.1
c60-u30-4K                25      30.0      60.0      32.7       2.7       0.0       2.2       1.3      39.0      41.2      54.5      50.1
c60-u60-4K                24      60.0      60.0      32.7       2.8       0.0      13.6       1.2      51.0      52.2      52.8      63.1
c60-u60-4K-lensoff        25      60.0      60.0      33.3       2.5       0.0      11.9       1.5      49.3      49.8      50.4      60.9
c60-u60-1080p-lensoff     24      58.5      60.0      34.4       2.2       0.0       2.9       1.1      40.8      45.8      54.2      50.2
c60-u60-1080p             25      54.9      60.0      33.7       2.6       0.0       5.7       1.3      42.3      53.9      55.6      51.5
c30-u60-1080p             24      55.5      30.0      33.2       3.5       0.0       5.3       1.3      43.5      52.0      53.9      52.7
c30-u60-1080p-pose        25      60.0      30.0      30.0       2.4      14.8       5.8       1.1      54.0      54.3      54.9      63.2
base2-c30-u30-4K          60      30.0      30.0      31.4       3.9       0.0      29.9       1.6      66.3      66.7      67.2      77.5
