== sweep2
label                      n unity fps   cam fps    camera    colour      pose      wait    render     total   tot p95 tot worst   present   to HDMI  HDMI p95    exp ms       iso
fixed                     25      60.0      60.0      29.2       2.1       0.0       5.0       1.1      37.6      37.8      38.3      31.6      69.1      69.2      16.3    1187.4
frames2                   22      60.0      60.0      27.9       2.4       0.0       3.2       1.1      34.5      34.8      35.5      31.6      66.0      66.2      16.3    1187.4
frames1                   25      60.0      60.0      28.3       2.0       0.0       2.1       1.1      33.4      47.9      48.5      31.4      64.9      79.0      16.3    1187.4
fresh0                    24      60.0      60.0      27.9       2.5       0.0      14.0       1.1      45.5      45.8      46.8      31.5      77.0      77.2      16.3    1187.4
fresh10                   24      60.0      60.0      27.9       2.0       0.0      11.7       1.4      43.3      43.9      44.8      31.1      74.2      74.2      16.3    1187.4
fresh6                    25      60.0      60.0      31.2       2.1       0.0       5.3       1.1      39.9      40.1      40.8      31.5      71.4      71.4      16.3    1187.4
exp8                      24      60.0      60.0      28.7       2.4       0.0       4.9       1.1      37.0      37.3      38.6      31.4      68.5      68.5       8.3    2294.2
exp4                      25      60.0      60.0      27.8       2.0       0.0       3.2       1.1      34.2      34.4      35.2      31.5      65.7      65.8       4.0    3072.0
exp2                      24      60.0      60.0      27.1       1.9       0.0       1.6       1.0      31.8      32.2      33.2      31.7      63.5      63.5       2.0    3072.0
fixed-repeat             184      60.0      60.0      28.0       2.2       0.0       5.3       1.1      38.8      40.8      42.0      31.4      70.0      71.5      16.3    1019.1

== sweep3-metal
label                      n unity fps   cam fps    camera    colour      pose      wait    render     total   tot p95 tot worst   present   to HDMI  HDMI p95    exp ms       iso
metal-fresh0              25      60.0      60.0      27.5       2.2       0.0      12.3       1.2      43.2      45.7      46.2      30.4      73.6      76.5       4.0    3072.0
metal-fresh6              24      60.0      60.0      27.9       1.7       0.0       1.6       0.6      31.1      42.7      45.5      28.6      59.3      73.2       4.0    3072.0
metal-fresh10             24      60.0      60.0      31.1       2.0       0.0       5.8       1.1      39.9      44.2      45.2      30.8      70.8      71.0       4.0    3072.0
metal-fresh6b             25      60.0      60.0      28.4       2.4       0.0       5.4       1.1      37.2      41.6      42.4      30.9      68.0      68.1       4.0    3072.0

== sweep3-classic
label                      n unity fps   cam fps    camera    colour      pose      wait    render     total   tot p95 tot worst   present   to HDMI  HDMI p95    exp ms       iso
classic-fresh0            25      60.0      60.0      28.0       2.0       0.0       4.2       1.3      35.4      36.2      37.0      15.6      50.9      51.1       4.0    3072.0
classic-fresh6            24      60.0      60.0      27.3       2.0       0.0       9.5       1.2      39.9      45.8      46.5      14.3      54.2      55.5       4.0    3072.0
classic-fresh10           25      60.0      60.0      27.9       2.1       0.0      12.7       1.5      44.5      45.8      46.5      15.3      59.8      59.9       4.0    3072.0
classic-fresh6b           24      60.0      60.0      28.1       2.2       0.0       5.2       1.1      36.8      48.3      50.0      15.1      51.6      63.7       4.0    3072.0

== sweep4
label                      n unity fps   cam fps    camera    colour      pose      wait    render     total   tot p95 tot worst   present   to HDMI  HDMI p95    exp ms       iso
d-fresh0                  25      60.0      60.0      27.4       2.2       0.0      10.2       1.4      41.3      42.1      43.6      15.5      56.9      57.0       4.0    3072.0
d-fresh6                  24      60.0      60.0      28.0       2.2       0.0      10.2       1.2      41.8      46.3      47.1      15.1      56.9      61.3       4.0    3072.0
d-fresh10                118      60.0      60.0      28.2       1.9       0.0       3.5       1.1      35.8      42.8      45.7      14.8      50.8      55.5       4.0    3072.0

== sweep5
label                      n unity fps   cam fps    camera    colour      pose      wait    render     total   tot p95 tot worst   present   to HDMI  HDMI p95    exp ms       iso
final-off-1               40      60.0      60.0      27.4       2.3       0.0      12.5       1.3      43.0      45.3      47.4      15.2      58.3      59.8       4.0    3072.0
final-on-1                39      60.0      60.0      27.8       2.1       0.0       3.5       1.2      34.6      37.5      38.7      15.4      49.9      49.9       4.0    3072.0
final-off-2               40      60.0      60.0      30.1       1.8       0.0       8.1       1.3      41.1      45.1      46.6      14.9      56.0      56.6       4.0    3072.0
final-on-2               107      60.0      60.0      27.9       1.9       0.0       7.3       1.2      38.2      42.5      43.9      15.5      53.5      55.2       4.0    3072.0

